29.647211 -82.346834
29.647216 -82.346831
29.647248 -82.346808
29.647271 -82.346793
29.647276 -82.346784
29.647285 -82.346778
29.647288 -82.346776
29.647293 -82.346773
29.647293 -82.346766
29.647256 -82.346733
29.647261 -82.346731
29.647266 -82.34673
29.647271 -82.34673
29.647275 -82.346726
29.647238 -82.346715
29.647238 -82.346715
29.647236 -82.346706
29.647236 -82.3467
29.647235 -82.346695
29.647233 -82.346685
29.647215 -82.346666
29.647201 -82.34667
29.6472 -82.346666
29.6472 -82.346666
29.647208 -82.346661
29.647221 -82.346653
29.647221 -82.346653
29.647245 -82.34664
29.647245 -82.34664
29.647268 -82.346633
29.647268 -82.346633
29.647265 -82.346608
29.647271 -82.346595
29.647303 -82.346595
29.647316 -82.34659
29.647316 -82.34659
29.647323 -82.346586
29.64732 -82.346591
29.64732 -82.346598
29.64736 -82.346635
29.647401 -82.346631
29.647401 -82.346631
29.647408 -82.346628
29.647411 -82.346626
29.647413 -82.346621
29.647413 -82.346618
29.647406 -82.346618
29.647401 -82.346618
29.64739 -82.346618
29.64739 -82.346618
29.647386 -82.346618
29.647385 -82.346616
29.647383 -82.346616
29.647381 -82.346615
29.647376 -82.346615
29.647373 -82.346611
29.647365 -82.346608
29.647361 -82.346605
29.647358 -82.346603
29.647354 -82.346603
29.64735 -82.346598
29.64735 -82.346595
29.647351 -82.34659
29.647354 -82.346586
29.647358 -82.34658
29.647358 -82.34658
29.64736 -82.346571
29.647365 -82.34656
29.647354 -82.346555
29.647353 -82.346538
29.647353 -82.346515
29.647353 -82.346515
29.647368 -82.346518
29.647381 -82.346518
29.647393 -82.346518
29.647396 -82.34652
29.647386 -82.346511
29.647375 -82.3465
29.647373 -82.346491
29.647373 -82.346491
29.647381 -82.346496
29.647393 -82.346504
29.647393 -82.346504
29.647393 -82.346516
29.647386 -82.346508
29.647386 -82.346508
29.647366 -82.346483
29.647351 -82.346465
29.647346 -82.346426
29.64735 -82.346423
29.647335 -82.346408
29.647335 -82.346408
29.647313 -82.346388
29.647281 -82.346358
29.647266 -82.346345
29.647266 -82.34634
29.647253 -82.346328
29.647243 -82.346316
29.647226 -82.3463
29.647211 -82.346286
29.647211 -82.346286
29.647185 -82.346263
29.647175 -82.346251
29.647158 -82.346238
29.64711 -82.346203
29.64711 -82.346203
29.647195 -82.346288
29.647195 -82.346288
29.647165 -82.346261
29.64713 -82.346224
29.64713 -82.346224
29.647068 -82.34617
0.0 0.0
0.0 0.0
0.0 0.0
29.647065 -82.346171
29.647073 -82.346185
29.647075 -82.346191
29.647066 -82.346186
29.647048 -82.346168
29.647053 -82.346166
29.647101 -82.34621
29.647141 -82.346246
29.647175 -82.346273
29.647196 -82.346294
29.647196 -82.346294
29.647168 -82.346241
29.647126 -82.346174
29.647105 -82.346148
29.64711 -82.346158
29.64715 -82.346213
29.64715 -82.346213
29.647395 -82.346451
29.647535 -82.346591
29.647579 -82.34664
29.647621 -82.346691
29.64766 -82.346725
29.647695 -82.346748
29.647733 -82.346773
29.647765 -82.346795
29.647795 -82.34682
29.647823 -82.346845
29.647571 -82.34665
29.647413 -82.346535
29.647325 -82.346468
29.647238 -82.346406
29.647183 -82.346375
29.64714 -82.34635
29.647103 -82.346335
29.647071 -82.346331
29.647066 -82.34634
29.647066 -82.346346
29.647073 -82.346346
29.647078 -82.346341
29.647083 -82.346338
29.647088 -82.346338
29.647086 -82.346345
29.647081 -82.346343
29.647071 -82.346343
29.647061 -82.346345
29.647053 -82.346348
29.647053 -82.346348
29.64705 -82.346365
29.64705 -82.346365
29.647051 -82.346373
29.647056 -82.346388
29.647061 -82.346395
29.647065 -82.346401
29.647071 -82.346408
29.647075 -82.346416
29.647069 -82.346416
29.647066 -82.34642
29.647061 -82.346428
29.647066 -82.346443
29.647075 -82.346461
29.647076 -82.346476
29.647076 -82.34649
29.647076 -82.346501
29.647075 -82.346511
29.647075 -82.346511
29.647071 -82.346531
29.647068 -82.346541
29.647066 -82.346551
29.647066 -82.346563
29.647065 -82.346574
29.647065 -82.346574
29.647061 -82.346598
29.64706 -82.346608
29.647061 -82.346615
29.647065 -82.346621
29.64706 -82.346628
29.64706 -82.346628
29.647058 -82.346638
29.647055 -82.34664
29.647051 -82.346645
29.647046 -82.346641
29.647043 -82.346635
29.647036 -82.346628
29.647036 -82.346621
29.647046 -82.346655
29.647053 -82.346663
29.647058 -82.346683
29.647061 -82.346693
29.647056 -82.3467
29.647055 -82.346706
29.647053 -82.346713
29.647053 -82.346723
29.647058 -82.346734
29.647058 -82.346745
29.647058 -82.346753
29.647055 -82.346756
29.647053 -82.346755
29.647053 -82.346751
29.64705 -82.346748
29.647046 -82.346746
29.647043 -82.346745
29.64704 -82.346745
29.647041 -82.346748
29.647041 -82.346748
29.647041 -82.346748
29.647043 -82.346748
29.647043 -82.346745
